\begin{tabular}{lrrrrrrrr}
\toprule
 & road_id & vehicles & speed & congestion & length_km & flow & density & speed_index \\
\midrule
road_id & 1.000000 & -0.141712 & 0.174869 & 0.003411 & -0.003708 & -0.141712 & -0.031746 & 0.167451 \\
vehicles & -0.141712 & 1.000000 & -0.071605 & -0.267031 & -0.298145 & 1.000000 & 0.851699 & -0.649773 \\
speed & 0.174869 & -0.071605 & 1.000000 & -0.014851 & -0.006035 & -0.071605 & -0.115304 & 0.046698 \\
congestion & 0.003411 & -0.267031 & -0.014851 & 1.000000 & -0.105343 & -0.267031 & -0.176757 & 0.029813 \\
length_km & -0.003708 & -0.298145 & -0.006035 & -0.105343 & 1.000000 & -0.298145 & -0.661278 & 0.784335 \\
flow & -0.141712 & 1.000000 & -0.071605 & -0.267031 & -0.298145 & 1.000000 & 0.851699 & -0.649773 \\
density & -0.031746 & 0.851699 & -0.115304 & -0.176757 & -0.661278 & 0.851699 & 1.000000 & -0.746447 \\
speed_index & 0.167451 & -0.649773 & 0.046698 & 0.029813 & 0.784335 & -0.649773 & -0.746447 & 1.000000 \\
\bottomrule
\end{tabular}
